bigM=100000;
nDeltas=9;
nPoints=280;
Deltas=[0.1, 0.2, 0.3, 0.4, 0.5, 0.6, 0.7, 0.8, 0.9];
Points=[[66, 509141569.09230769],
[114, 298171249.36283183],
[48, 705195702.53191495],
[8, 3690703457.5714288],
[16, 2210977803.7333331],
[21, 1809805495.0],
[1392, 31339007.370956145],
[279, 115343326.09352519],
[54, 591646712.79245281],
[3158, 15065135.136838771],
[48, 590100338.74468088],
[54, 591565815.09433961],
[114, 298171308.94690263],
[144, 231894509.006993],
[27, 1233234305.6153846],
[11, 3327216351.8000002],
[108, 293058816.51401871],
[66, 509140069.29230767],
[97, 371426100.01041669],
[59, 625164508.89655173],
[54, 591565378.39622641],
[11, 3327216308.8000002],
[363, 91977215.986187845],
[48, 590106505.91489363],
[11, 3327569214.3000002],
[21, 1809804676.4000001],
[66, 509139982.12307692],
[173, 210973151.93023255],
[96, 348887352.77894735],
[11, 3327567863.4000001],
[54, 591647147.16981137],
[204, 175650108.76847291],
[108, 293147607.28037381],
[49, 742852117.95833337],
[132, 252677675.57251909],
[16, 2210977689.6666665],
[253, 141496471.31746033],
[352, 94794184.866096869],
[78, 429565285.07792211],
[114, 298369160.55752212],
[112, 298579797.65765768],
[8, 3690449357.4285712],
[21, 1810152537.4000001],
[21, 1810155268.1500001],
[124, 342318636.82926828],
[63, 505900928.30645162],
[1492, 29962285.005365528],
[56, 504283319.4727273],
[63, 505757179.7903226],
[114, 298369216.19469029],
[208, 160196120.09661835],
[126, 250988392.97600001],
[79, 424057770.92307693],
[261, 137048505.81153846],
[137, 266778161.05882353],
[63, 505756545.35483873],
[56, 504401446.70909089],
[11, 3327413377.0999999],
[16, 2210994298.7333331],
[79, 424057748.70512819],
[11, 3327411539.0],
[251, 145148697.176],
[96, 348866930.12631577],
[63, 505901428.69354838],
[102, 352797975.63366336],
[126, 250990837.65599999],
[16, 2210994455.1333332],
[157, 212072442.8974359],
[9, 4007987529.125],
[34, 1080503512.3939395],
[251, 142628095.58000001],
[149, 240760871.75675675],
[78, 429451423.01298702],
[114, 298145692.99115044],
[112, 298694631.67567569],
[8, 3690465954.2857141],
[21, 1810385780.55],
[21, 1810389309.4000001],
[124, 342340329.89430892],
[63, 505873354.7096774],
[1486, 30083479.077441078],
[56, 504227153.27272725],
[63, 505743301.32258064],
[114, 298145769.82300884],
[208, 160196373.16908213],
[126, 250921131.44800001],
[79, 423945412.46153843],
[262, 136521019.70881227],
[137, 266597194.24264705],
[63, 505742643.27419353],
[56, 504486391.70909089],
[11, 3327395465.0],
[16, 2211005915.8666668],
[79, 423945374.03846157],
[11, 3327393492.5999999],
[251, 145151439.96000001],
[96, 349001000.07368422],
[63, 505873250.72580647],
[96, 375073397.41052634],
[126, 250992827.384],
[16, 2211006424.5333333],
[157, 212015183.42948717],
[9, 4007984661.375],
[33, 1114268755.75],
[246, 145538710.04489797],
[150, 239140831.06711408],
[78, 428520548.77922076],
[126, 289879334.24800003],
[112, 298562701.84684682],
[8, 3690508196.8571429],
[21, 1809239980.0],
[21, 1809240580.3499999],
[123, 344355254.8114754],
[63, 505750394.01612902],
[1483, 30147145.732793521],
[56, 504210101.67272729],
[63, 505708845.61290324],
[126, 289879355.07200003],
[208, 160196301.12560385],
[126, 250868230.86399999],
[79, 423026408.61538464],
[262, 136520995.4329502],
[135, 270409286.14179105],
[63, 505708559.01612902],
[56, 504453609.60000002],
[11, 3327021218.0999999],
[16, 2211072691.0666666],
[79, 423026373.05128205],
[11, 3327019842.4000001],
[261, 139558565.68846154],
[96, 348846799.03157896],
[63, 505750708.59677422],
[96, 375073353.7473684],
[126, 251002870.32800001],
[16, 2211073202.8000002],
[157, 211951350.14102563],
[9, 4007987903.375],
[33, 1114270873.65625],
[246, 145539083.56326529],
[150, 239140786.7852349],
[76, 439797909.38666666],
[323, 104658465.1552795],
[112, 298642744.3063063],
[8, 3690818672.0],
[9, 4008017165.875],
[21, 1810541756.2],
[11, 3328910380.8000002],
[127, 333248488.55555558],
[63, 505724405.74193549],
[2242, 19935146.346720215],
[56, 504280831.5272727],
[63, 505679255.2903226],
[323, 104658488.29503106],
[384, 86587849.378590077],
[27, 1233234192.3846154],
[11, 3328577928.0],
[126, 250901060.336],
[272, 122323044.08856088],
[244, 146696219.72839507],
[137, 266661626.56617647],
[34, 1080500243.121212],
[63, 505678572.12903225],
[11, 3328578638.9000001],
[11, 3328577689.4000001],
[56, 504229135.74545455],
[11, 3328913345.0999999],
[16, 2211143507.5999999],
[79, 422882907.20512819],
[460, 79055286.514161214],
[79, 422882952.12820512],
[21, 1810542512.6500001],
[63, 505724756.95161289],
[578, 61780564.268630847],
[126, 251063920.42399999],
[16, 2211143997.8000002],
[155, 214621111.2857143],
[710, 50291963.860366717],
[132, 272115867.12977099],
[74, 452806957.75342464],
[323, 104663842.70807454],
[112, 298625848.4954955],
[8, 3690863091.4285712],
[21, 1810794114.0999999],
[21, 1810794876.0999999],
[123, 343341371.48360658],
[63, 505708941.95161289],
[1851, 24148440.168648649],
[56, 504217803.76363635],
[63, 505639383.88709676],
[323, 104663860.70496894],
[384, 86588154.044386417],
[126, 250834264.46399999],
[79, 423781575.96153843],
[261, 137104166.25384617],
[137, 266667072.33823529],
[63, 505639561.66129035],
[56, 504265611.30909091],
[11, 3329030257.3000002],
[16, 2211111855.0],
[79, 423781567.1025641],
[11, 3329028274.5],
[460, 79055503.318082795],
[272, 122316081.37638377],
[63, 505709397.03225809],
[289, 123775248.77083333],
[126, 250965659.31200001],
[16, 2211112747.8000002],
[153, 217513129.07894737],
[9, 4008003527.125],
[34, 1080502846.6060605],
[438, 81595007.782608703],
[149, 240858652.20945945],
[74, 453091898.24657536],
[323, 104646495.33850932],
[112, 298725895.25225228],
[8, 3690833320.8571429],
[21, 1810442633.0],
[21, 1810446003.6500001],
[123, 343016303.83606559],
[63, 505708921.90322578],
[1834, 24371937.663938899],
[56, 504282030.90909094],
[63, 505673879.37096775],
[323, 104646521.26708074],
[384, 86588698.590078324],
[126, 250893138.13600001],
[79, 424048342.29487181],
[262, 136577623.44061303],
[137, 266636020.72794119],
[63, 505673780.17741936],
[56, 504235802.65454543],
[11, 3329015545.0999999],
[16, 2211096164.1999998],
[79, 424048340.70512819],
[11, 3329014219.1999998],
[460, 79058466.422657952],
[272, 122357097.23247233],
[63, 505709245.2096774],
[272, 131538606.69741698],
[126, 251085151.63999999],
[16, 2211096774.2666669],
[153, 217695048.67105263],
[9, 4007994568.25],
[33, 1114267795.375],
[422, 84695928.320665076],
[150, 239239982.27516779],
[77, 435172576.10526317],
[357, 101772656.48314607],
[304, 109376107.35313532],
[8, 3690846930.2857141],
[21, 1809386025.05],
[21, 1809386189.1500001],
[114, 370353178.57522124],
[63, 505919574.51612902],
[2070, 21598397.588206865],
[56, 504376891.30909091],
[63, 505423949.93548387],
[357, 101772663.91292135],
[576, 57677951.39478261],
[126, 251100742.03999999],
[76, 440974777.33333331],
[703, 50779479.391737893],
[369, 98453314.622282609],
[63, 505423140.66129035],
[56, 504399408.0181818],
[11, 3328583997.9000001],
[16, 2211130905.0666666],
[76, 440974737.97333336],
[11, 3328581691.0999999],
[726, 50047749.180689655],
[272, 122291170.10332103],
[63, 505919824.01612902],
[272, 131539283.87084872],
[126, 250909648.336],
[16, 2211131578.3333335],
[153, 217684946.80921054],
[9, 4013763546.125],
[33, 1114266347.34375],
[671, 53219071.623880595],
[399, 89565804.090452269]];
Distance_dp=[[3107.85707921571, 9311.187038823573, 1648.2228749677513, 43.371882704795574, 186.0282367017647, 328.18625158523764, 1501717.7364919414, 54637.62930990727, 2041.0315541290906, 7904692.822589775, 1533.087269705999, 2040.9225456772488, 9311.187713928937, 14760.141031279054, 518.3599825996255, 88.94808846337305, 8134.075091401695, 3107.8537120973006, 6880.21011216499, 2565.501014062363, 2040.9219571599945, 88.94808808094905, 93789.51464558073, 1533.0945087979317, 88.95122636973292, 328.1862043203336, 3107.853516397906, 21980.798040673373, 6567.349519756598, 88.95121435772523, 2041.032139373552, 30374.87201887103, 8135.048206495144, 1761.775978864136, 12397.196347649244, 186.02823337938003, 46704.03830592843, 88171.66398427279, 4336.0934587746915, 9313.428079760957, 8933.736473481245, 43.370600114629, 328.206285819788, 328.20644343383185, 11827.020037527984, 2775.4444978441493, 1736578.4500714787, 2083.8669629576843, 2775.135524868441, 9313.428709386493, 30771.19193563534, 11067.810786930637, 4447.717157903889, 49690.61978379444, 13790.869713939881, 2775.1341608620232, 2084.088280640612, 88.94984062884562, 186.02871714325133, 4447.717071885168, 88.94982428331974, 46241.92912145467, 6567.2075714188995, 2775.4455730992418, 7604.715455627212, 11067.853406814997, 186.02872169860336, 17526.442528857202, 59.25444335534735, 850.8453200913516, 45969.01110545311, 16210.442251964028, 4335.669186162502, 9310.897454857675, 8935.007004304423, 43.37068389336341, 328.2197466227491, 328.2199502533228, 11827.230193810363, 2775.385243449347, 1722642.6823425817, 2083.761700333584, 2775.1056861114425, 9310.8983255213, 30771.209994186996, 11066.63787424706, 4447.282047719325, 50071.56878667852, 13787.750574155503, 2775.1042712682925, 2084.2473728295045, 88.94968134263102, 186.02905550566314, 4447.281898889455, 88.9496638026524, 46242.221365887686, 6568.1391536761585, 2775.385019981749, 6737.731534226106, 11067.888094637985, 186.0290703210922, 17524.68256981557, 59.254429009711444, 801.775309972781, 44157.02641594883, 16428.412056372363, 4332.192889971426, 11662.65052508988, 8933.547248499168, 43.37089712523112, 328.1535901016007, 328.1536247849542, 11629.958246860288, 2775.120935613377, 1715736.4957803104, 2083.729739345492, 2775.0315998214232, 11662.650804472072, 30771.204853368745, 11065.714990857747, 4443.7153145960665, 50071.56574410027, 13385.856856304987, 2775.030983545986, 2084.1859813489914, 88.94635293255219, 186.03100034741797, 4443.715176296598, 88.94634069633136, 49996.483337777885, 6567.067634799803, 2775.121611962179, 6737.731268269986, 11068.063170233292, 186.03101525134474, 17522.719537464665, 59.254445227493584, 801.7758141960458, 44157.06509931713, 16428.411020307576, 4112.879149773127, 74598.31910194052, 8934.433028990785, 43.372464206610665, 59.25459160915128, 328.2287464242592, 88.9631474191469, 12395.948928601287, 2775.0650581682626, 3921069.30624766, 2083.8623006705625, 2774.967967764696, 74598.32512538454, 104793.71459036444, 518.3599649042613, 88.96019321094866, 11066.287762576805, 52591.81837885662, 43438.36329851168, 13788.861573044054, 850.8444673923191, 2774.966498591612, 88.96019952865332, 88.9601910905316, 2083.765416094368, 88.96317375777429, 186.03306277661855, 4443.157103449671, 155216.16290084636, 4443.157278251308, 328.2287900679781, 2775.0658133394877, 243555.32757718654, 11069.127166443452, 186.03307705256464, 17077.197025655845, 367494.5133983259, 12727.97363956964, 3902.8389445405896, 74599.71885258492, 8934.246089363376, 43.37268838843784, 328.2433044633122, 328.2433484159622, 11620.306086206754, 2775.031806980559, 2672740.7821660247, 2083.744176142204, 2774.8822162908027, 74599.72353686887, 104793.85191438122, 11065.122241097184, 4446.64721257756, 49697.513357712414, 13788.955451288553, 2774.882598657044, 2083.8337778440314, 88.96421252077978, 186.0321409552977, 4446.647178238679, 88.96419490419152, 155216.30557429278, 52590.704305292165, 2775.0327855489904, 60924.901851979695, 11067.414418600854, 186.0321669567173, 16641.80182276065, 59.25452338341162, 850.8451464394501, 139898.38165520108, 16212.683483883513, 3903.744762167294, 74595.20294795353, 8935.352752954948, 43.37253813892612, 328.2230271767983, 328.22322166729, 11617.200217581696, 2775.0317638701, 2623862.3590587797, 2083.86454825805, 2774.9564064800543, 74595.20969875036, 104794.09735885689, 11066.149557302346, 4447.680653414615, 50078.660439034385, 13788.42011355495, 2774.956193155416, 2083.777911732899, 88.96408180680004, 186.03168398187745, 4447.680647259535, 88.96407002647953, 155218.25545028778, 52597.26541903394, 2775.032459082229, 53971.921159924575, 11069.497080062398, 186.03170174935832, 16646.9761017933, 59.25447856779301, 801.7750813296833, 129867.99166383945, 16430.731020898176, 4225.726488824927, 93460.28891422297, 65678.44836053906, 43.37260682480924, 328.162026775787, 328.1620362547476, 9981.272816849822, 2775.484564391286, 3342798.314623855, 2084.0422823555305, 2774.4186711346015, 93460.2912034953, 235713.87777714516, 11069.76867727738, 4116.942754941638, 360251.6558534959, 99845.64316744333, 2774.4169291626604, 2084.0844618238198, 88.96024715352478, 186.03269575487323, 4116.942619364794, 88.96022665325228, 386519.36516073195, 52586.71741764472, 2775.485100493093, 53972.01607731772, 11066.43757405836, 186.03271536241706, 16646.688983573404, 59.28329922146216, 801.7747365862168, 328239.2089291938, 116092.0657606753],
[2069.9147023619803, 6239.259679279964, 1102.0157431439495, 26.744066176240956, 127.2030674206308, 232.00843545049682, 1121251.986913588, 35529.93852439511, 1321.7263379785459, 6076506.562328271, 918.6546775835501, 1321.5508984438982, 6239.260784542812, 9797.563340640452, 343.5477332816719, 61.81825916191951, 5238.605974092541, 2069.909206524019, 4746.3920453926885, 1789.421142360522, 1321.5499512959238, 61.818258524294656, 62250.98672172798, 918.665885054096, 61.8234911338999, 232.00835597002254, 2069.908887102013, 15256.807895422073, 4366.351005164547, 61.823471105494505, 1321.7272798969157, 20899.83920730343, 5240.167924939464, 1221.2949348101204, 8223.840965789888, 127.20306192599054, 32120.647996253243, 58503.16548928683, 2883.4795386813776, 6242.928964733809, 5934.682466943726, 26.74205188382962, 232.0421256500209, 232.04239070437913, 8743.036764277362, 1794.7911206729773, 1307789.0421080561, 1246.0041101041659, 1794.2942158655067, 6242.929995717402, 20401.662370582646, 7124.596808134967, 2957.4470613885105, 34161.33716181131, 9578.354368085753, 1794.292022297719, 1246.3463961113382, 61.821180610062164, 127.20386198713477, 2957.4469211029786, 61.82115335639637, 32069.192574130535, 4366.11952107055, 1794.7928500203914, 5243.213797190648, 7124.665198066633, 127.20386952090026, 11615.438206272474, 40.90090531601673, 592.3628734999129, 31615.578528643713, 11159.908920918988, 2882.7875982930623, 6238.785586175046, 5936.753656381696, 26.742183455917118, 232.06476255624892, 232.0651050047902, 8743.39814785863, 1794.695821792663, 1297297.4517026872, 1245.8413229129876, 1794.2462299574936, 6238.787011568203, 20401.69177913338, 7122.714772751251, 2956.737477537856, 34422.69683700109, 9573.155843814357, 1794.2439546533012, 1246.5924630830384, 61.8209150247977, 127.20442158047932, 2956.7372348326235, 61.82088577960133, 32069.679321087788, 4367.638777268145, 1794.695462392449, 4646.790650031191, 7124.7208599733585, 127.20444608267242, 11612.572790903703, 40.90088147878857, 558.4371296525198, 30370.544081560725, 11309.627912543045, 2877.120007490814, 8097.750966229964, 5934.374015150235, 26.74251833130456, 231.95351391106948, 231.95357223046196, 8590.429194375614, 1794.2707537594324, 1292138.0445873474, 1245.7918969782972, 1794.1270879840272, 8097.75143182924, 20401.683407252833, 7121.234034710551, 2950.922700337035, 34422.69179156639, 9291.904960388856, 1794.1260969297205, 1246.4975074688566, 61.81536548901191, 127.20763802888345, 2950.9224749357923, 61.815345087543456, 34669.64613408159, 4365.891321170511, 1794.2718414460658, 4646.790208298358, 7125.001797476506, 127.20766267761918, 11609.376996169569, 40.900908426843706, 558.4379712681163, 30370.60824398856, 11309.626193276292, 2731.4698330059696, 49842.284714560476, 5935.817948825727, 26.744979433018635, 40.90115166014967, 232.07989779507474, 61.84336881099241, 9153.550985443586, 1794.18089377954, 2952685.546787479, 1245.9968998036065, 1794.0247598891315, 49842.294561682815, 69399.13003125551, 343.5477044700767, 61.83844266190688, 7122.153018481704, 34841.25476855427, 29872.781415541307, 9575.00739927341, 592.361450534899, 1794.022397300539, 61.838453196571926, 61.83843912614737, 1245.8470691745413, 61.84341273122961, 127.21104897364161, 2950.012966253347, 107550.973213138, 2950.0132511200077, 232.07997119273557, 1794.1821082081835, 167302.6771242816, 7126.709225206132, 127.21107258398237, 11312.343184243011, 252432.40269082715, 8767.82086830776, 2595.4349216134533, 49844.57304147759, 5935.513205043474, 26.74533151626, 232.1043810959116, 232.10445501537595, 8573.842752079247, 1794.1274211239895, 2012720.5538364532, 1245.8142226269654, 1793.8868638386114, 49844.580699445956, 69399.35353566565, 7120.283034554882, 2955.702269865073, 34172.76925943626, 9575.163858559281, 1793.8874787107395, 1245.9527890811717, 61.84514489851857, 127.20952441782245, 2955.70221387254, 61.84511552223134, 107551.2107395938, 34839.441223650254, 1794.1289947948878, 41885.47174938907, 7123.960785720928, 127.20956742024272, 11026.305315776674, 40.90103829362425, 592.362583713435, 96137.1053754878, 11163.628303549884, 2596.912403335335, 49837.190505144856, 5937.317324747263, 26.745095545438282, 232.07027953023967, 232.07060661002035, 8568.507517796632, 1794.1273517965283, 1975902.8236205005, 1246.0003757315037, 1794.0061681230823, 49837.20154100969, 69399.75301419139, 7121.931271733731, 2957.3875274126794, 34434.45734259944, 9574.271664405762, 1794.0058250750894, 1245.8663931926935, 61.844926928407276, 127.20876865351103, 2957.3875173745937, 61.844907284323796, 107554.45695909383, 34850.12213711827, 1794.1284697919657, 37109.0730027387, 7127.302865762266, 127.20879803818876, 11034.729810280913, 40.90096382631006, 558.4367480169449, 89247.99955357626, 11313.476240539205, 2810.184809606763, 64732.34071220003, 43495.662225742126, 26.74520341835121, 231.96770014183306, 231.96771608080522, 7363.80925404289, 1794.8555605831648, 2517503.364139773, 1246.2752536051455, 1793.1414965838226, 64732.34452263502, 156030.90310965473, 7127.73873673298, 2738.095393408807, 247426.01288527908, 69151.7610894392, 1793.1386957178277, 1246.3404897524958, 61.83853261025333, 127.21044197343805, 2738.0951722764094, 61.83849842638598, 267716.86674381467, 34832.95139702755, 1794.8564228121982, 37109.23041268887, 7122.393389420476, 127.21047440142188, 11034.262289203862, 40.948861486073476, 558.4361725946403, 225476.1461111549, 79775.58215011984],
[1242.1728694388119, 3780.2179213692234, 665.3786045285951, 14.116550414336135, 79.52449215659836, 152.4665515957776, 796266.7513153115, 20517.927643475505, 758.0843515483677, 4488405.223874394, 460.7022236326532, 757.8850582999496, 3780.2192118416706, 5848.266928084388, 204.56325204613938, 39.61051209563956, 2977.592648072578, 1242.1664832801562, 3007.545799683099, 1152.760384894476, 757.88398240779, 39.61051133003709, 37153.4162284917, 460.71412876849337, 39.61679429250097, 152.46645494906676, 1242.1661121123236, 9757.029564246512, 2613.0044562238554, 39.616770243307904, 758.0854215700931, 13190.901565298409, 2979.3591553329984, 779.5568678379525, 4903.93385442204, 79.52448563983182, 20258.82907097875, 34898.504515083776, 1726.1582397200625, 3784.5026549186, 3546.837980387481, 14.114355307602098, 152.50751949069868, 152.50784181164207, 6124.050180248167, 1027.0398684864865, 939695.7761782353, 622.4114414394447, 1026.4760729911993, 3784.5038589927713, 12155.41130484372, 4046.3580636130937, 1770.1897104538732, 21533.152134055803, 6131.453962437717, 1026.4735843070875, 622.7743464121774, 39.614019943649836, 79.52543453165053, 1770.1895476534407, 39.61398721922994, 20482.790358031343, 2612.735848954971, 1027.0418307634518, 3319.4950246903254, 4046.4353737550214, 79.52544346689085, 6915.987032246167, 25.93938588200818, 380.5526602256836, 19940.702269575875, 7049.400006865046, 1725.3552363916845, 3779.664393952163, 3549.2399562318633, 14.114498687661333, 152.5350478004994, 152.53546425440248, 6124.503862144822, 1026.9317350299493, 932160.308147183, 622.2388677382152, 1026.4216315381568, 3779.6660581407564, 12155.44535484094, 4044.2306955126837, 1769.3662894556003, 21697.38415097299, 6125.215808976664, 1026.419050155027, 623.0352707606015, 39.613701046500246, 79.52609822444852, 1769.3660078295113, 39.61366593084682, 20483.373865604084, 2614.4988707759835, 1026.9313272320999, 2943.1773474152665, 4046.49829600623, 79.52612728474053, 6912.670663264717, 25.93935740723138, 358.98545903921627, 19156.5529968393, 7143.647568512226, 1718.7813525581685, 5181.301323420309, 3546.480299953249, 14.114863618220305, 152.39977142840613, 152.39984233652342, 6010.4128425459985, 1026.4494544381648, 928493.6464871446, 622.1864728984159, 1026.2864644878146, 5181.301882071563, 12155.435661654035, 4042.557131558523, 1762.62215722291, 21697.378142403642, 5943.144312251704, 1026.285340151204, 622.9345783595993, 39.60703766937919, 79.52991304439645, 1762.6218959175887, 39.60701317363623, 22140.488388915914, 2612.4710591121416, 1026.4506884516638, 2943.1768200851284, 4046.8158817297526, 79.52994227882344, 6908.972376115026, 25.93938959805058, 358.9864712162114, 19156.629434017905, 7143.6455189063345, 1631.7720496985296, 30060.89683788341, 3548.1547595048637, 14.117545679224152, 25.939680152995162, 152.55345411244633, 39.64066417553668, 6401.806170526925, 1026.347506833832, 2121412.722408895, 622.4037973991321, 1026.170376373307, 30060.908308918482, 41272.24632274443, 204.56321869744608, 39.634748352874844, 4043.5957677148126, 20732.30916910193, 18839.25435109234, 6127.437478688169, 380.5509494277397, 1026.167696126783, 39.63476100375607, 39.634744106847336, 622.2449592405221, 39.640716920365975, 79.53395859106911, 1761.5675884110335, 68604.43093701957, 1761.5679186061063, 152.55354337427264, 1026.3488846060895, 105326.04864190063, 4048.746176288138, 79.53398659425343, 6730.438475761812, 158913.66787961833, 5543.541686214454, 1553.787931218594, 30063.56256670166, 3547.8013470403444, 14.117929383466702, 152.5832298977979, 152.58331979824118, 5989.609997617499, 1026.2868424302953, 1446140.3152611842, 622.2101394542834, 1026.0139426434273, 30063.57148775474, 41272.50486392452, 4041.4823803732043, 1768.1651718625499, 21546.767705176655, 6127.625221812282, 1026.0146401610903, 622.3570337114224, 39.64279713321664, 79.53215038757445, 1768.1651069015877, 39.64276185411972, 68604.71549604775, 20730.21075508321, 1026.2886277376952, 26402.709692237702, 4045.639101360329, 79.53220139057625, 6562.5104790483665, 25.939544730637845, 380.5523118219546, 60560.17116097622, 7053.834458999283, 1555.5029235041263, 30054.96267159755, 3549.8937153769803, 14.117672219536487, 152.5417570603241, 152.54215482819112, 5982.921900644834, 1026.2867637792879, 1419677.3939216172, 622.4074824203611, 1026.1492849290873, 30054.975526801616, 41272.96696607477, 4043.3451432942625, 1770.1206219941978, 21711.390710700434, 6126.554652552539, 1026.14889575902, 622.2654443793849, 39.642535364821754, 79.53125401490068, 1770.1206103451746, 39.64251177353275, 68608.60452656285, 20742.570154261954, 1026.2880321292118, 23395.455528448994, 4049.4173570997077, 79.53128886649131, 6572.261125463111, 25.939455775551423, 358.9850000617849, 56224.02366930314, 7148.235658923271, 1682.3749623455114, 41265.15539396301, 25867.641595626756, 14.117789780626113, 152.41702009813812, 152.41703947817294, 5143.609311579225, 1027.1129885756413, 1809015.1490360873, 622.6989137488495, 1025.168476347665, 41265.15995745095, 92727.07599834276, 4049.9101783669116, 1639.4579154015134, 155732.07109734416, 44079.35376602631, 1025.165299665504, 622.7680837860282, 39.63485637018561, 79.53323865569443, 1639.4576587348442, 39.634815319401156, 170668.50475149346, 20722.70193815748, 1027.1139669573183, 23395.64300612011, 4043.867446086443, 79.53327711701438, 6571.719916891654, 25.99668679383396, 358.98430802526985, 141951.81154738928, 50251.54916839998],
[624.6315804462068, 1934.06176509137, 338.3114591216883, 5.489335419081131, 42.992510909667395, 89.56060002108002, 526762.0297286833, 9601.596667152862, 350.10559483855604, 3140388.81036322, 159.22990785330848, 349.92502524540345, 1934.0629958255329, 2912.25179361095, 101.40653889302777, 22.324847264533247, 1351.0351133418249, 624.6255423657153, 1663.671375036236, 655.5187416642262, 349.9240504955924, 22.324846498176324, 18496.803165892463, 159.2392399411245, 22.33113584553613, 89.5605012574662, 624.6251914288393, 5481.463047146888, 1307.309872934537, 22.331111771166086, 350.1065643930846, 7248.059092856511, 1352.6218976757646, 436.56177794763346, 2437.475013545753, 42.99250452090319, 11118.581530106983, 17357.68106168075, 864.1295618907518, 1938.1491503153545, 1770.2030138125288, 5.487510385948506, 89.60246734182168, 89.60279675562047, 3970.06028544041, 472.190741284677, 632298.6523259004, 213.08895696352226, 471.6810962455192, 1938.150299212622, 6032.438738419282, 1833.094553365061, 885.9451050999775, 11806.06470053041, 3450.168496995827, 471.67884689013044, 213.37213154313204, 22.328358629608005, 42.99343477679874, 885.9449515365551, 22.32832587182044, 11482.722473159007, 1307.0565550721685, 472.1925153284239, 1833.559138126256, 1833.1639338802006, 42.99344353657532, 3428.089006778408, 14.36988505332444, 215.41468026866391, 10944.382328251584, 3878.9155098022957, 863.3721004583713, 1933.5338781890432, 1772.4659038549453, 5.487629588595371, 89.63060235550077, 89.63102800215977, 3970.5473366689594, 472.0929831612075, 627231.2517189035, 212.95433480926576, 471.63189085343345, 1933.5354652389785, 6032.470721310402, 1831.1856425314022, 885.1684834725587, 11895.630728596772, 3443.9304696424774, 471.6295577734696, 213.57579586219563, 22.328039407738014, 42.99408543757147, 885.1682178801236, 22.328004256388876, 11483.304999438482, 1308.719434199678, 472.09261450070426, 1626.8916263783394, 1833.2204027366379, 42.99411392729661, 3424.976186898763, 14.36985679504056, 203.4202981328711, 10515.053161786318, 3930.4710242800033, 857.176925173494, 2913.301596660946, 1769.866102908225, 5.487932985978394, 89.49236265361098, 89.49243510313833, 3889.9091913714656, 471.6570376495774, 624803.3015220049, 212.91346710584926, 471.5097293327851, 2913.3021551990714, 6032.461616573094, 1829.684281401708, 878.8136852536937, 11895.624796614597, 3339.574911893574, 471.5087132104383, 213.49719402121812, 22.321369473654023, 42.99782539395697, 878.8134392419892, 22.321344954609735, 12409.010102283242, 1306.8068486247016, 471.65815297897353, 1626.8911036303043, 1833.5054229930645, 42.99785405495751, 3421.5056773011825, 14.369888741113538, 203.42131404033125, 10515.128669406906, 3930.4689971977946, 813.7857998508096, 15254.155471919308, 1771.4434610282217, 5.490162945226536, 14.370177087688438, 89.64941537637426, 22.355033512779087, 4140.714483851333, 471.56489733114154, 1427250.8336175168, 213.08299345714144, 471.4048172172231, 15254.166367101532, 20413.063464860174, 101.40650758636947, 22.3491102838519, 1830.6160102761685, 10264.981580503287, 10337.782105166434, 3446.1518112883805, 215.41296407084167, 471.4023950703445, 22.349122950205732, 22.34910603263219, 212.95908629231073, 22.355086325184068, 43.001791628901216, 877.8209699227353, 38376.5360725629, 877.8212807096061, 89.64950661258926, 471.5661425332054, 57625.44213033857, 1835.2380196895176, 43.00181908337718, 3331.48290021238, 86938.30896571286, 3055.1360932897624, 777.8979733560141, 15256.687428267087, 1771.1105153540025, 5.490481990057284, 89.67985086897158, 89.67994276455799, 3867.6078228215342, 471.51007089947694, 973000.0666002835, 212.93192662415998, 471.2634527052522, 15256.695901805262, 20413.30589918678, 1828.7202785521924, 884.0359185699905, 11819.508694936143, 3446.3395410476055, 471.26408300809663, 213.04651173478533, 22.357169224874, 43.00001886455301, 884.0358573258252, 22.357133899856702, 38376.81984372649, 10263.012899594696, 471.5116843774107, 14476.615680530173, 1832.449365519096, 43.00006886771787, 3250.4173125758443, 14.370042694453124, 215.414330765009, 33167.57901172226, 3883.3019502317998, 779.5163226736693, 15248.519447321623, 1773.08192484412, 5.490268161220765, 89.63745976705151, 89.63786632180249, 3860.4433661263233, 471.5099998183796, 955186.0701135817, 213.08586832462325, 471.38575689806913, 15248.531656136103, 20413.739214535966, 1830.3911719839848, 885.8799371591738, 11909.460543339947, 3445.2690779953296, 471.3854052072101, 212.97506529297291, 22.356907116043498, 42.99914006604645, 885.879926171285, 22.356883494106473, 38380.69815276668, 10274.609470468675, 471.51114609396774, 12831.068737058653, 1835.8405540747676, 42.99917423426603, 3259.5700473400193, 14.369954415519146, 203.41983746420274, 30796.064011064736, 3935.0092760504676, 842.2969470411778, 23058.73295952762, 12794.386470200061, 5.490365911633287, 89.50998664470232, 89.5100064468508, 3320.672989458837, 472.25684836871505, 1217333.6696256457, 213.31326278664147, 470.4996104261299, 23058.737507958827, 45802.396443539496, 1836.2830021792156, 821.0303209197602, 85169.83049064672, 24628.4211972239, 470.49674100569024, 213.36724392441832, 22.349218433321663, 43.00108580164246, 821.0300787401039, 22.3491773322985, 95374.27918488014, 10255.969041038155, 472.2577329284551, 12831.253857614633, 1830.8597440563085, 43.00112350919467, 3259.0618666369014, 14.426775144744322, 203.4191428781063, 77666.20523861893, 27519.96681554763],
[217.29083538416444, 700.7912104463942, 120.81430692322867, 0.8624211904759241, 17.607123679837866, 43.29058072640404, 312737.82216646755, 2780.945595424013, 97.79006784911037, 2032457.3234060004, 14.237730245515758, 97.6707992802594, 700.792136494392, 989.5179372200964, 34.07759382233704, 9.961264668600329, 358.9333699002641, 217.2863837806939, 714.7687714520956, 297.6962126697722, 97.67015555933067, 9.961264028712147, 6281.14753392137, 14.241218571988437, 9.966515793005586, 43.29049489522099, 217.2861250515589, 2430.108344123198, 449.26725529658455, 9.966495689068118, 97.79070836588916, 3071.311789977692, 359.95615196774787, 192.30966513916297, 824.464443161004, 17.607118569205266, 4699.905373637802, 5880.695129070269, 297.3935051934421, 703.8684509240597, 604.7775672188617, 0.8615171188660853, 43.326969203389524, 43.32725553631447, 2281.0670798541055, 130.24373906754752, 385597.670570312, 18.036656676397055, 129.90928562846588, 703.8693163769473, 2032.744671308999, 484.80627739083064, 304.7132453268221, 4980.074861234924, 1534.4979717600752, 129.9078100468462, 18.139751504199975, 9.96419666793753, 17.60786272257903, 304.7131327523203, 9.964169314167846, 5068.9889195135065, 449.0816394221382, 130.2449037153062, 785.4061374984368, 484.85087844213484, 17.607869729953308, 1151.7441298691351, 6.192402829961823, 96.94893362885374, 4626.618704670679, 1648.4554297307275, 296.83819049312115, 700.3940388856787, 606.4314992509318, 0.861576158719923, 43.35142622125297, 43.351796248061845, 2281.52857143105, 130.1795661864356, 382510.2824366487, 17.98772412613817, 129.87700790332028, 700.3952328628643, 2032.7678785414366, 483.5796138073668, 304.14405958873084, 5017.436569872242, 1529.2998258117902, 129.8754775086294, 18.214038387818942, 9.96393010851189, 17.608383219847216, 304.1438649844568, 9.963900756227467, 5069.472722590946, 450.30046753922653, 130.1793241982604, 697.9334869204083, 484.8871801645469, 17.608406010340612, 1149.4893618057695, 6.192379642215189, 91.74164693348372, 4446.044576401616, 1670.098279846364, 292.30672533678785, 1293.7517859518775, 604.5314240151557, 0.8617264345790235, 43.23128758668367, 43.23135053030693, 2228.9182408520182, 129.89350339366848, 381067.0097105012, 17.972879600595924, 129.7968825189381, 1293.7522512117637, 2032.7612720096736, 482.6154842400643, 299.4972844293846, 5017.4317541990185, 1481.196759314468, 129.79621610742166, 18.185354453712442, 9.958360901836617, 17.61137507756501, 299.49710490899326, 9.958340430463945, 5475.211274183534, 448.89868970818765, 129.89423502799366, 697.9330589338822, 485.0704212664124, 17.61139800602135, 1146.976899727972, 6.192405856033253, 91.74249974047586, 4446.105950155443, 1670.096628150664, 277.5110834628085, 5422.060616664637, 605.6840533957848, 0.8628312310266846, 6.192642464228584, 43.36778158685834, 9.986476822720514, 2370.2759254168104, 129.833065271466, 870199.8806351245, 18.034487977632445, 129.72808242088016, 5422.068736228393, 6821.58145758943, 34.077571136846835, 9.981528454838712, 483.21374616573604, 3439.2720027566534, 4368.364677763473, 1531.1503970740412, 96.94749446420448, 129.7264941312224, 9.981539035920706, 9.981524903501208, 17.989450329905463, 9.986520945683177, 17.614548087137777, 298.7731107884496, 16867.288619766776, 298.77333743050485, 43.36786090768546, 129.83388198953122, 24200.857589569958, 486.18475541023173, 17.614570051354256, 1115.476457594653, 36506.325949023056, 1302.6040895336832, 267.76504802571316, 5423.947626170318, 605.4407099844411, 0.8629893360324141, 43.39424400943228, 43.39432391432638, 2207.8362276913554, 129.79710653153296, 593299.8079239798, 17.979584136593527, 129.63539402408506, 5423.953941593969, 6821.756641439127, 481.9967290918109, 303.31450998739354, 4990.992228714482, 1531.3068162652526, 129.63580725175672, 18.02122315125817, 9.98826117349038, 17.61312984875883, 303.3144651452504, 9.988231659442013, 16867.523782628738, 3437.84765718304, 129.79816471403507, 6107.18971426611, 484.3915781971934, 17.613169851667823, 1090.0258163590465, 6.1925321850693855, 96.94864054259811, 13959.328927721132, 1652.0307772474239, 268.9526008439619, 5417.8608323135, 606.8819531486744, 0.8628833704913125, 43.35738765042201, 43.35774109085418, 2201.0719142410985, 129.79705991380166, 582428.8522628422, 18.035533444288962, 129.71558403002706, 5417.8699290096165, 6822.069759561679, 483.0693578028591, 304.665472907605, 5028.66684051776, 1530.4149407341295, 129.71535341965776, 17.995255933456473, 9.988042182072464, 17.612426806948314, 304.66546485292207, 9.988022446045118, 16870.73783770406, 3446.2400857367425, 129.79781168623256, 5415.912628567421, 486.5724566874084, 17.612454141513087, 1096.6565759115786, 6.1924597462102495, 91.74126022419888, 12964.120578857375, 1673.7970919207846, 289.9507636937577, 10113.073408893524, 4275.896849458757, 0.8629318113733986, 43.246599781525525, 43.24661698683876, 1895.0002876817277, 130.28713996238557, 742458.9260458072, 18.11830071852047, 129.13489881921572, 10113.077174158307, 15256.864445091242, 486.8572081698544, 282.81260996354564, 35739.291065103156, 10798.96338303152, 129.13301973838534, 18.13797016766442, 9.981618799661678, 17.613983411282263, 282.8124322921877, 9.981584465077283, 41834.19004395245, 3432.7527056679087, 130.28772072560713, 5416.062967172155, 483.37028333003633, 17.61401357796266, 1096.2881384395487, 6.239126538803846, 91.74067715314894, 32619.327184781698, 11580.83509156009],
[20.15063425268294, 80.4062574342664, 12.887147933216452, 0.2358077285207537, 3.368330467109764, 13.656493711749699, 154194.12862262494, 55.97442827824582, 1.1377705800301323, 1164610.7630901628, 25.725690809273992, 1.1223804045168453, 80.40663384821563, 80.06535891167958, 2.5764168340672366, 2.5197643078414793, 1.2874177478565492, 20.149007525091747, 160.8379889306707, 79.29279791111395, 1.1222975990046877, 2.5197639216450143, 506.4493325401391, 25.7200646610846, 2.5229341349086765, 13.656435862331003, 20.148912980481548, 602.96545517524, 38.87660330998762, 2.522921997014711, 1.137853488506318, 660.6596566613171, 1.361918208907416, 46.800529412540904, 64.90214326770406, 3.3683277847378648, 1002.8006015688223, 467.5467172203285, 25.950069628129643, 81.66055674468781, 50.56164060644648, 0.23637550635667257, 13.681025075402433, 13.681218153724105, 1057.070563489242, 1.19886183509726, 199592.83090610921, 37.25454057806729, 1.1606411400376755, 81.6609104857151, 156.3291035114992, 1.4932356902990316, 26.494131134404064, 1055.1826161664708, 384.4423867304165, 1.1604737772342175, 37.07720629537981, 2.5215340586375334, 3.368718368991928, 26.494091300733015, 2.5215175462724, 1241.589697092913, 38.81110200486878, 1.1989959240976664, 175.03602280685826, 1.4962074407200205, 3.3687220470253054, 86.95240151809178, 1.406939211923315, 25.155420306253156, 987.4113988308904, 358.019766650244, 25.753506495931465, 80.24487604203837, 51.13674241979084, 0.23633839803475584, 13.697519397755858, 13.697768992108765, 1057.4475664310874, 1.191484105632934, 197997.40029518618, 37.33903568883089, 1.1569826878171403, 80.24536101238058, 156.33682653266916, 1.4126093404747295, 26.293017804113088, 1062.801674796436, 381.32387748455506, 1.1568093605049794, 36.94999833746978, 2.5213731488218722, 3.3689915712766783, 26.292949142507346, 2.5213554303626204, 1241.8770350595591, 39.24197079461567, 1.1914563247670846, 156.30292904146842, 1.4986282898521788, 3.369003533872791, 86.21018798547995, 1.4069259487561934, 23.949505441054203, 949.5272406832014, 362.52933521120985, 24.170753048046265, 322.65189129307055, 50.47626327400845, 0.23624396402175202, 13.616546227624463, 13.616588618029075, 1027.4399909876504, 1.1588516704370138, 197284.7710474768, 37.364710382654, 1.1479240462723088, 322.6521701096135, 156.3346279624005, 1.3507400734898956, 24.672954749979645, 1062.7990151539764, 368.00985451433775, 1.1478488421529849, 36.99905965708048, 2.5180119539265293, 3.3705620952205706, 24.672892918596546, 2.517999601199074, 1339.091904614363, 38.74658236258799, 1.158934598722553, 156.30268599585847, 1.5108765496884888, 3.370574132015181, 85.38604339513886, 1.4069409428095017, 23.950028316645035, 949.5612762614951, 362.5284117648404, 22.94790053452314, 564.6122721022919, 50.87653660752456, 0.2355505366236999, 1.407076282616515, 13.708552743898766, 2.534994105360052, 1090.4904952233544, 1.1520106548050888, 450259.8633996708, 37.25828096060323, 1.1401719842762839, 564.6154162819721, 497.80030087660924, 2.576409348878179, 2.5320028658350595, 1.388975383410322, 255.18043585504114, 931.0020688815289, 382.43323604510323, 25.15454060782822, 1.1399933094159627, 2.532009260902345, 2.5320007194544325, 37.33605135330485, 2.535020781863567, 3.372227965779088, 24.42401100817274, 4076.688578557014, 24.424088768798565, 13.708606259561142, 1.1521029750649865, 5052.295019249046, 1.5863834501778924, 3.3722394981844412, 82.41914790838905, 7617.718828360467, 285.9456749461663, 23.38915522768753, 565.3431603942718, 50.791930931627036, 0.2354514213918717, 13.72640931918013, 13.726463247546192, 1010.295212226958, 1.147949326462248, 307039.5392126709, 37.35311199158226, 1.129766599923838, 565.3456071037593, 497.8570906259748, 1.3117319919520756, 26.000946114755727, 1061.2183065088268, 382.52704746517134, 1.1298128920698747, 37.28116796083938, 2.536072979066274, 3.3714833401916766, 26.00093035985975, 2.5360551328761214, 4076.8273126803756, 254.71502784126778, 1.1480687475669784, 1294.4317934401931, 1.4657393945179897, 3.3715043424254403, 81.33599039775675, 1.407013202486859, 25.155241154721956, 2935.420908907934, 360.0209400460619, 23.81175801500255, 562.9868265560912, 51.293800290609624, 0.23551784734746348, 13.701540710435467, 13.701779135346356, 1004.8075449891578, 1.147944065553407, 301405.7403508451, 37.25647777935635, 1.1387663249598254, 562.9903454050252, 497.9586010963136, 1.3797007507823507, 26.477229239487983, 1069.0096022309315, 381.99224076889345, 1.1387403963621976, 37.32601630083391, 2.5359405629086784, 3.371114237606256, 26.47722639008193, 2.53592862934804, 4078.72358130084, 257.4620000591993, 1.1480289060052042, 1149.9872029716066, 1.6130649375265853, 3.3711285882320814, 83.5207111775714, 1.4069717676272548, 23.9492683417732, 2728.1933726290945, 364.5991065341214, 25.33641230324971, 2428.176742044384, 312.1727333891824, 0.2354874798462338, 13.626859508607792, 13.626871098136753, 866.5912062478965, 1.2038633566511496, 384390.91825844423, 37.11402754448454, 1.0743415269213357, 2428.1789560330503, 1090.4800023605235, 1.6327963387239899, 24.80478253286629, 7440.452819590844, 2590.9803234292467, 1.0741358635880893, 37.080262515765114, 2.5320574692052196, 3.371931484613199, 24.804719391091123, 2.53203671773753, 10048.237327554838, 253.0529320397422, 1.2039303487727764, 1150.070334789017, 1.3990639075200846, 3.3719473233183757, 83.39873229937731, 1.4337409760127815, 23.948910850398082, 6811.177385031316, 2434.153996400222],
[33.21097705176032, 72.90690605492934, 14.52998215165103, 3.609495033214931, 0.27613127148311667, 0.6583389771169197, 51130.94907231123, 1426.6831656972715, 60.14870303131424, 536849.1279793128, 193.69378954458216, 60.27976861817454, 72.90648788694632, 183.8940586854368, 6.903007928218303, 0.00034618225603363635, 278.0972568845325, 33.213413598906214, 1.8790274719482678, 0.30849738825078604, 60.28047661461322, 0.00034617697491850786, 1172.7085616810355, 193.6757782084118, 0.0003908712463036022, 0.658324158796404, 33.213555215604714, 0.03438030260995057, 76.13791697472305, 0.0003906950058534822, 60.14799976093535, 16.102692906123764, 276.8391963991745, 0.03437076776683706, 158.78811386569578, 0.27613216750097885, 27.267213895453274, 1118.235826074375, 49.79925519480862, 71.52546777718149, 107.55523397522725, 3.6120855484202647, 0.6646349578603543, 0.6646846078489664, 298.0707363458068, 85.05610958732359, 74284.1333033085, 270.7426086685298, 85.4351627802321, 71.52508153886906, 403.19203502434857, 383.1554282632906, 51.287762522715695, 31.387965319460907, 0.0017419067525380162, 85.4368380812915, 270.1844959166684, 0.0003708017089058149, 0.27600171603718815, 51.287827181786085, 0.0003705681334269356, 0.5248058933940815, 76.24494282033737, 85.05479195479568, 2.4487940515019786, 383.0999208757802, 0.27600048779131586, 233.7138217248272, 0.0134941992075518, 0.034140300862077054, 26.760410727838384, 7.60852056065819, 50.11804846679505, 73.08638965806614, 106.58163336146488, 3.6119163065401065, 0.6688818850097136, 0.6689462343005693, 298.3043216690544, 85.12873691879672, 73692.60526525161, 271.0082694973403, 85.47181520692133, 73.0858496874701, 403.17756528166444, 384.6846291305491, 51.61535811869763, 31.72604336365675, 0.0026246606736690698, 85.47355332909342, 269.7836757111452, 0.0003685286659357302, 0.27591049185896876, 51.61547035426857, 0.00036827879454675807, 0.5179368404863549, 75.54394396582322, 85.12901088022184, 1.999952741504524, 383.05474711237844, 0.27590649789269517, 235.13866543744342, 0.013495714662882243, 0.04387365558266403, 25.50115462719798, 7.764190374343142, 52.76900830726296, 0.0019126844656027183, 107.7006206847259, 3.6114855743065735, 0.6481385764332956, 0.6481493663048272, 285.47444177834944, 85.45308247988024, 73456.58550404548, 271.0889594520205, 85.56285391478502, 0.0019118925574176644, 403.18168442883905, 385.8900489018077, 54.34069621547139, 31.726579473763806, 0.014197493094032352, 85.56361141462975, 269.93830963131927, 0.0003226299239933774, 0.2753864469236491, 54.34080327079171, 0.0003224668146987734, 0.6519935708780134, 76.35052658787926, 85.45225169115808, 1.9999848162182674, 382.82678884271814, 0.2753824329385919, 236.73310830222889, 0.013494001442510183, 0.04389976883896107, 25.494647721188986, 7.764348040128899, 50.09625106594786, 681.8104382016111, 107.02091066338242, 3.608320862018256, 0.013478542851321629, 0.6717288474955213, 0.0005853606983923147, 301.35819327094555, 85.5217334811559, 167430.7815652778, 270.754372406051, 85.64108590740868, 681.8064072316099, 1441.719994623859, 6.903022222463443, 0.000533516840941709, 385.141697929015, 712.7068797861622, 25.694278516903395, 0.0003282014681891514, 0.03410250171289899, 85.64289260492214, 0.0005336251477061327, 0.0005334804925268001, 270.9988893625058, 0.0005858337252201183, 0.2748312648246911, 54.77367058189736, 4.735948786453092, 54.77353472448091, 0.6717426682163344, 85.52080548980433, 179.75441870960893, 381.4429038091801, 0.27482742386796827, 232.3109711531691, 272.48760143554404, 5.160849527123089, 44.77029496193334, 680.8740309082966, 107.1641781955026, 3.6078682461358835, 0.6763467982151259, 0.6763607642175664, 274.9847764283267, 85.56259928426198, 114219.26035692007, 271.0525101891229, 85.74657043276648, 680.8708983039917, 1441.6072466494638, 386.6652872524407, 52.09522695206976, 30.186928313610068, 0.00023464726436976145, 85.74609992903336, 270.82634616352595, 0.0006046416016614355, 0.275079338851773, 52.09525296964625, 0.0006043201588011488, 4.730433734228737, 713.6150115570701, 85.56139647800346, 38.34191804215815, 383.671849110892, 0.2750723399916234, 224.3478346915858, 0.013485746705322392, 0.034132601380592355, 95.85495515729782, 7.272438627525831, 44.093794186786766, 683.8974300186871, 106.31746626986924, 3.608171591790125, 0.6699189470920549, 0.6699804552791627, 271.6502583704867, 85.56265227363181, 112116.73427403394, 270.74870132982244, 85.6553037828648, 683.8929052916457, 1441.4057390420373, 385.32220082757703, 51.3152061548159, 30.48882847377817, 0.0009780995209502808, 85.65556613732063, 270.9673463951022, 0.0006022585521253916, 0.2752023580203017, 51.31521078275792, 0.0006020440159093454, 4.655383409927702, 708.2752134237763, 85.56179775328287, 33.29246026408498, 380.962378824947, 0.2751975744232027, 220.16245313761289, 0.01349047976924623, 0.04386181692573045, 88.28239227969492, 7.415319890282098, 48.453892869647035, 4.042958947813411, 903.2141219672421, 3.608032917052014, 0.6507658259493504, 0.650768780744846, 235.4457451573315, 85.00701855150928, 143129.6460499446, 270.300443264531, 86.3179385492443, 4.042853550686593, 3303.2431142259748, 380.60976668564996, 47.00683862771663, 273.3157519481032, 4.472018377558591, 86.32008938129557, 270.1941209687172, 0.0005344419522888547, 0.2749300216359589, 47.006940036809425, 0.0005340902796956525, 16.42103339801339, 716.8697201413339, 85.00636179794958, 33.275960458077, 384.9460857885849, 0.2749247452618208, 220.39364821600094, 0.010618456371122357, 0.043843969853633924, 241.75583773743796, 79.92352999636454],
[256.4718637813932, 678.293156308301, 125.74280957853192, 10.983483104559136, 8.33052609295812, 4.296116522505727, 3548.2834718778686, 6893.071807655233, 274.82286520296185, 149172.41511322878, 518.1420264514392, 275.1429639212314, 678.2916986105037, 1301.004036540989, 47.05736710479032, 2.4030102918442036, 1189.3628873101927, 256.47960200213413, 237.89188707590745, 60.74331110118186, 275.1446926061546, 2.403010794701405, 8279.925221246907, 518.1083592139684, 2.3988860020175524, 4.296159784616972, 256.48005175692487, 621.3151195047016, 561.051196290758, 2.3989017830410853, 274.8211471831747, 1137.6408987102536, 1186.3879865384497, 52.01118920484068, 1106.1223549547512, 8.330531717494605, 1773.305210610877, 7832.76245555129, 368.9410618934698, 673.463184021458, 775.7583473251198, 10.988647245056837, 4.2777988507632605, 4.277654898689501, 4.067598423771398, 381.8154823242227, 9671.57770730489, 718.5008609477801, 382.7328505490451, 673.461829536328, 2773.333465844059, 1629.7928551095586, 379.0941394917474, 1908.6909086856388, 381.1760372889338, 382.73690295901434, 717.4616203680616, 2.4007068971507444, 8.329712763715026, 379.0943403954695, 2.400728379751597, 1345.794245909217, 561.3831618685116, 381.8122918073966, 267.64445123233935, 1629.662018747067, 8.329705052250866, 1592.0283904886912, 2.01206779181543, 21.58509361268051, 1744.6657403550287, 597.2216914616894, 369.93181640570276, 678.9185797336801, 772.7661720758717, 10.988309884235276, 4.265513683013987, 4.265327974637213, 4.0988371449253584, 381.9913246259232, 9595.89729354698, 718.9954255516631, 382.82150546062934, 678.9166988880522, 2773.290094784938, 1633.3956731773405, 380.11108053247483, 1924.2096755654416, 385.3360673399963, 382.8257094143912, 716.7150705088413, 2.4009162480465602, 8.329139981594963, 380.1114286197305, 2.4009393015225693, 1345.3954279279992, 559.2063870528173, 381.99198786462034, 235.0245580204978, 1629.555536631878, 8.329114902400303, 1596.2747941610114, 2.0120889399354804, 20.02475157706896, 1673.9663182278412, 605.8028453354723, 378.10149111442865, 325.80185012597326, 776.2044962472248, 10.987451265433938, 4.326064633110189, 4.326032775134185, 3.021593224087203, 382.77619582199463, 9582.45302759042, 719.1456268086919, 383.04167212447305, 325.8014765605075, 2773.3024414055058, 1636.2334107247689, 388.5005088258491, 1924.2144471499191, 377.2097882505989, 383.04350382484853, 717.0031043764245, 2.405292929828772, 8.325848132674247, 388.50083596556925, 2.405309027310799, 1459.8915410458208, 561.7105223840289, 382.774186305296, 235.02495539494308, 1629.0181581452553, 8.325822908791542, 1601.018094448588, 2.0120650319315962, 20.02411409705751, 1673.906064528768, 605.804436976237, 358.9561350570746, 5773.655114918384, 774.1171755632753, 10.981142207210125, 2.011849244933912, 4.25730989764817, 2.383250588735302, 2.8790195595523858, 382.94223375051445, 21712.63450223882, 718.5227623139714, 383.23082419027395, 5773.641709033088, 9653.340538691047, 47.05740975760265, 2.387120407856359, 1634.4719138023024, 4811.851334532401, 1652.4413066641112, 383.85167354298625, 21.586180145858492, 383.2351920177374, 2.387112128659727, 2.3871231866148035, 718.9779643575043, 2.3832161012681317, 8.322357984274557, 389.8220895096135, 4651.430730234956, 389.82167529754116, 4.2572701336510965, 382.9399895337453, 9583.235786965113, 1625.7543164869905, 8.32233382840415, 1565.151927328388, 14470.632264857793, 460.24961327642063, 331.90846722844327, 5770.540237668194, 774.5574517759849, 10.980239810263756, 4.244056446537234, 4.244016464340405, 1.9049202954331472, 383.04105640492867, 14838.971157457621, 719.0777787292117, 383.4858055226087, 5770.529815150465, 9653.00710936948, 1638.057394873028, 381.5973524993252, 1897.8980941205891, 383.7263778113827, 383.4846683626436, 718.6567577593137, 2.381856161096088, 8.323917844738444, 381.59743297460034, 2.3818792212902737, 4651.233145570155, 4814.547608312825, 383.0381479053408, 2338.9200880567723, 1631.00990734607, 8.323873844365444, 1519.0613492399755, 2.011949817725456, 21.585314882573826, 5440.631066283498, 593.785272991536, 329.79870935930757, 5780.592642657044, 771.9529510863713, 10.98084460381837, 4.26252236039173, 4.262345050652071, 1.6000543850576237, 383.0411845380338, 14561.833843849392, 718.5122040956829, 383.26519640373823, 5780.57760862523, 9652.411173258728, 1634.8968580329963, 379.17940365357833, 1913.1045192378667, 384.4411527258629, 383.2658306425296, 718.9192462162574, 2.3820272690028106, 8.324691168190446, 379.1794180309396, 2.3820426900485, 4648.533243811248, 4798.679725812884, 383.0391182280619, 2065.82840043429, 1624.6203983494227, 8.324661100086432, 1506.5818017911463, 2.012015882637126, 20.025040649656304, 5044.387637660728, 602.2457319889763, 359.3032053929412, 2840.6720595554066, 6049.021015158451, 10.980568122990048, 4.318318733549511, 4.318310034662967, 1.5639044100162756, 381.69660554695616, 18675.10903120769, 717.6775478786554, 384.86568988618035, 2840.6688666627974, 21895.153779082375, 1623.7881192103848, 349.41877824808876, 14237.879858974153, 3039.438467817383, 384.8708802915041, 717.4795455265164, 2.3870497179033303, 8.322979022350294, 349.4190942293344, 2.3870765827037737, 11738.741158059142, 4824.203069955038, 381.6950150731337, 2065.6798441687697, 1634.011348972981, 8.32294584379299, 1507.2728861888645, 1.9697589798788593, 20.02547651151563, 12911.062540485638, 4518.143692242358],
[689.9332944415775, 1896.5650081942758, 346.5256302138588, 22.357771942553175, 27.531514931534147, 24.569826347916106, 11446.131758871812, 16455.140354118714, 645.1602570949703, 1580.6200078645363, 999.0704015298421, 645.7119663136857, 1896.562266018781, 3431.3952924778464, 123.03949436378313, 9.727756636605994, 2735.0843090247145, 689.9475727347703, 868.87656774252, 260.59723904990597, 645.7149455736272, 9.727757774824703, 21828.099311111215, 999.0178076777532, 9.718419527223116, 24.569942739792886, 689.9484026044381, 2466.807672780702, 1493.6164412580508, 9.71845526112043, 645.1572957552223, 4025.274274071236, 2730.008288626612, 202.7309847237617, 2906.9048665345786, 27.53152643471875, 6240.914591706058, 20611.12660554545, 983.3754897240998, 1887.4737054774128, 2055.170980656015, 22.366060596264642, 24.520516754111114, 24.520129026245524, 175.06114972309868, 891.47698004579, 5755.164038871157, 1380.529297415815, 893.0537044464729, 1887.4711544779843, 7266.753395966096, 3741.405516228784, 1009.9132620414842, 6687.091446254057, 1527.965272876762, 893.060668410398, 1378.908579649554, 9.722542344963959, 27.52985151202479, 1009.9136309417688, 9.72259098112691, 5277.39801713275, 1494.2257591493496, 891.4714954818961, 970.6229943493329, 3741.182501054265, 27.529835740403996, 4161.896107808844, 7.402659989744927, 89.80828024170833, 6141.127387703841, 2126.859279352963, 985.1948103126414, 1897.7414462687705, 2049.6903585629, 22.365519131121175, 24.48741479176915, 24.48691421311865, 174.83111285866275, 891.7792472270079, 5707.276302741777, 1381.3005038517945, 893.2060534489362, 1897.737908614017, 7266.674415037946, 3747.5457414805333, 1011.7801850454315, 6740.252571390581, 1537.3242055223252, 893.2132776163936, 1377.7441827305518, 9.723016306962853, 27.528680040484044, 1011.7808239388795, 9.723068498547608, 5276.509508314462, 1490.2293000555533, 891.7803872779596, 855.3767448784236, 3741.0009968480326, 27.52862874739609, 4169.618574155331, 7.402705624573773, 83.89213920551312, 5894.92273147751, 2156.64530009421, 1000.1682014695308, 1300.051703617474, 2055.9878899613964, 22.36414103740388, 24.650324397655016, 24.65023884451716, 180.08144532482797, 893.1281916967753, 5662.373541765397, 1381.5347124526609, 893.5843786753308, 1300.0508641133401, 7266.696898887852, 3752.3808255420545, 1027.1523925811, 6740.262618171233, 1499.5966267866693, 893.5875260728038, 1378.193443892392, 9.73292285364154, 27.521947152472364, 1027.1529910029142, 9.732959282688066, 5716.810547029521, 1494.826569750995, 893.1247384411323, 855.3775977320058, 3740.08498445698, 27.52189555957476, 4178.241001833373, 7.402654034277674, 83.89067130130073, 5894.795526676601, 2156.6486785727766, 949.5275525078933, 15840.146302194824, 2052.165331307097, 22.354014572199326, 7.402188388863603, 24.46529589435715, 9.682989789470787, 195.0529740891293, 893.4135114628766, 13105.421297019331, 1380.5634506843605, 893.9093868328673, 15840.121321628638, 25132.66193289581, 123.03957195429581, 9.691763538881306, 3749.3796230029525, 12552.61380007082, 5811.24315331587, 1533.9872720694593, 89.81077354026498, 893.9168915478566, 9.69174477143706, 9.691769837821496, 1381.2732763382949, 9.682911584492086, 27.514808124129196, 1029.5692677913078, 18016.772922609427, 1029.568510487966, 24.465188655865372, 893.4096551068835, 33262.73912270865, 3734.520621483294, 27.51475871179369, 4080.9420164332573, 50212.152814135654, 1651.2119661938768, 884.8036720272088, 15834.34178061619, 2052.971751672966, 22.35256611377642, 24.42953826414644, 24.42943034791483, 191.05564382824141, 893.5833206884573, 8898.671325179976, 1381.4289176118427, 894.3474718694465, 15834.322357585426, 25132.05667860364, 3755.488054853396, 1014.5073227565102, 6664.351803918853, 1533.7054769573285, 894.3455181928957, 1380.772402748197, 9.679827537549793, 27.517998857852387, 1014.5074703747079, 9.679879836269869, 18016.335447895082, 12557.51281808559, 893.5783230295749, 8196.166303463859, 3743.4799140997316, 27.51790885554764, 3965.476534042204, 7.402405415546342, 89.80878799830187, 18969.749242040463, 2119.5594431377217, 880.9265035325561, 15853.072464413342, 2048.200254740008, 22.353536883433144, 24.479350950334357, 24.47887292146558, 194.6569330328314, 893.5835408587535, 8741.038786729407, 1380.546986076933, 893.9684441875756, 15853.044455347946, 25130.97490356403, 3750.10367236672, 1010.0698217357618, 6716.856674512023, 1535.31276464772, 893.9695339119835, 1381.181715764294, 9.680215594260739, 27.519580668116927, 1010.0698481346145, 9.680250567446059, 18010.35716221179, 12528.675537203642, 893.5799903303376, 7247.595023468217, 3732.5871235106342, 27.51951916522159, 3942.7787571374547, 7.402547976228415, 83.89280483996512, 17596.509108575443, 2149.090342829819, 957.884349873122, 10938.064043802724, 15749.593412917884, 22.353093097661052, 24.629518231408937, 24.62949485989125, 164.9456840059271, 891.2726243429868, 11027.306637647362, 1379.245341386853, 896.7175955377259, 10938.056995304934, 56866.21199484073, 3731.1678539126124, 932.0406013939731, 49334.145136429186, 11695.879671670085, 896.7265085942101, 1378.936536189157, 9.691603297058343, 27.516078486756236, 932.041181968656, 9.691664195009103, 45215.197696981726, 12575.05298145787, 891.2698901743206, 7247.281985907093, 3748.59485346039, 27.51601061891213, 3944.036446217248, 7.311162546536008, 83.89380847538376, 44819.09749007734, 15748.814482997483]];